A
8 3 7 2 1 4 5 6
7 8 5 4 3 6 2 1
6 2 3 5 8 1 7 4
2 1 8 6 5 7 4 3
5 7 1 8 4 3 6 2
4 5 2 3 6 8 1 7
1 4 6 7 2 5 3 8
3 6 4 1 7 2 8 5
T
5 0 2 2 4 0 3 7
56 0 0 0 11 7 0 0
3 16 2 0 0 0 14 0
0 0 0 2 20 18 10 0
9 7 0 0 0 0 0 14
0 3 0 252 0 0 3 0
3 2 1 0 0 10 0 320
0 0 4 0 0 0 0 0
S
- 0 - / / 0 - +
* 0 0 0 + + 0 0
/ * - 0 0 0 + 0
0 0 0 - * + + 0
+ * 0 0 0 0 0 *
0 - 0 * 0 0 / 0
/ - - 0 0 * 0 *
0 0 / 0 0 0 0 0
V
0 1 1 1 0 1 1
0 1 1 1 1 1 1
1 1 0 1 1 1 0
1 0 1 1 1 1 1
1 0 1 1 1 1 1
1 0 1 0 1 1 1
1 1 0 1 1 1 1
1 1 0 1 1 1 0
H
1 1 0 1 0 1 0
1 1 0 1 1 1 0
0 1 1 1 1 1 1
0 1 1 0 1 1 1
1 0 1 0 1 0 0
1 0 1 0 0 1 0
0 1 1 0 1 0 1
0 1 0 1 0 1 0
